#./sp.exe -n 40 -fS 8 -t 10 -a 0.75 

40	0	0	0	0	0	0	1	0
40	0	0	0	0	0	0	1	0
40	0	0	0	0	0	0	1	0
40	0	0	0	0	0	0	1	0.0156
40	0	0	0	0	0	0	1	0
40	0	0	0	0	0	0	1	0
40	0	0	0	0	0	0	1	0
40	0	0	0	0	0	0	1	0
40	0	0	0	0	0	0	1	0
40	0	0	0	0	0	0	1	0
40	1	1	1	1	0	0	44	0.203
40	1	0	0	0	0	0	43	0.281
40	1	1	0	0	0	0	42	0.219
40	1	1	1	1	0	0	44	0.234
40	1	1	1	1	0	0	44	0.234
40	1	0	0	0	0	0	41	0.203
40	1	1	0	0	0	0	44	0.234
40	1	0	0	0	0	0	42	0.188
40	1	1	1	0	0	0	44	0.25
40	1	1	1	0	0	0	44	0.188
40	2	2	2	2	2	2	43	0.219
40	2	2	2	2	2	2	45	0.219
40	2	2	2	2	2	2	44	0.25
40	2	2	2	2	2	2	42	0.281
40	2	2	2	2	2	2	47	0.328
40	2	2	2	2	2	2	47	0.281
40	2	2	2	2	2	2	48	0.281
40	2	2	2	2	2	2	43	0.234
40	2	2	2	2	2	2	45	0.25
40	2	2	2	2	2	2	40	0.203
40	3	3	3	3	3	3	48	0.312
40	3	3	3	3	3	3	47	0.281
40	3	3	3	3	3	3	50	0.281
40	3	3	3	3	3	3	45	0.266
40	3	3	3	3	3	3	46	0.344
40	3	3	3	3	3	3	46	0.359
40	3	3	3	3	3	3	47	0.359
40	3	3	3	3	3	3	44	0.484
40	3	3	3	3	3	3	48	0.328
40	3	3	3	3	3	3	45	0.25
40	4	4	4	4	4	4	50	0.312
40	4	4	4	4	4	4	49	0.344
40	4	4	4	4	4	4	47	0.312
40	4	4	4	4	4	4	49	0.312
40	4	4	4	4	4	4	51	0.5
40	4	4	4	4	4	4	45	0.375
40	4	4	4	4	4	4	47	0.422
40	4	4	4	4	4	4	49	0.469
40	4	4	4	4	4	4	46	0.453
40	4	4	4	4	4	4	47	0.328
40	5	5	5	5	5	5	47	0.328
40	5	5	5	5	5	5	48	0.344
40	5	5	5	5	5	5	46	0.359
40	5	5	5	5	5	5	50	0.391
40	5	5	5	5	5	5	48	0.328
40	5	5	5	5	5	5	47	0.312
40	5	5	5	5	5	5	47	0.328
40	5	5	5	5	5	5	46	0.328
40	5	5	5	5	5	5	48	0.328
40	5	5	5	5	5	5	46	0.312
40	6	6	6	6	6	6	48	0.375
40	6	6	6	6	6	6	52	0.422
40	6	6	6	6	6	6	47	0.359
40	6	6	6	6	6	6	53	0.422
40	6	6	6	6	6	6	47	0.375
40	6	6	6	6	6	6	48	0.406
40	6	6	6	6	6	6	49	0.562
40	6	6	6	6	6	6	48	0.391
40	6	6	6	6	6	6	49	0.375
40	6	6	6	6	6	6	48	0.375
40	7	7	7	7	7	7	50	0.422
40	7	7	7	7	7	7	56	0.484
40	7	7	7	7	7	7	48	0.406
40	7	7	7	7	7	7	51	0.422
40	7	7	7	7	7	7	52	0.438
40	7	7	7	7	7	7	48	0.531
40	7	7	7	7	7	7	47	0.453
40	7	7	7	7	7	7	49	0.453
40	7	7	7	7	7	7	50	0.609
40	7	7	7	7	7	7	49	0.438
40	8	8	8	8	8	8	50	0.484
40	8	8	8	8	8	8	49	0.438
40	8	8	8	8	8	8	51	0.453
40	8	8	8	8	8	8	60	0.578
40	8	8	8	8	8	8	50	0.453
40	8	8	8	8	8	8	49	0.484
40	8	8	8	8	8	8	55	0.484
40	8	8	8	8	8	8	58	0.531
40	8	8	8	8	8	8	52	0.5
40	8	8	8	8	8	8	51	0.484
40	9	9	9	9	9	9	52	0.5
40	9	9	9	9	9	9	57	0.531
40	9	9	9	9	9	9	51	0.5
40	9	9	9	9	9	9	54	0.5
40	9	9	9	9	9	9	51	0.484
40	9	9	9	9	9	9	53	0.516
40	9	9	9	9	9	9	52	0.547
40	9	9	9	9	9	9	55	0.562
40	9	9	9	9	9	9	52	0.531
40	9	9	9	9	9	9	51	0.5
40	10	10	10	10	10	10	55	0.625
40	10	10	10	10	10	10	55	0.578
40	10	10	10	10	10	10	54	0.547
40	10	10	10	10	10	10	51	0.531
40	10	10	10	10	10	10	51	0.516
40	10	10	10	10	10	10	56	0.641
40	10	10	10	10	10	10	55	0.578
40	10	10	10	10	10	10	59	0.641
40	10	10	10	10	10	10	53	0.578
40	10	10	10	10	10	10	66	0.812
40	11	11	11	11	11	11	52	0.594
40	11	11	11	11	11	11	71	0.906
40	11	11	11	11	11	11	61	0.734
40	11	11	11	11	11	11	62	0.75
40	11	11	11	11	11	11	56	0.656
40	11	11	11	11	11	11	123	1.56
40	11	11	11	11	11	11	75	0.828
40	11	11	11	11	11	11	66	0.734
40	11	11	11	11	11	11	55	0.609
40	11	11	11	11	11	11	60	0.703
40	12	12	12	12	12	12	69	0.938
40	12	12	12	12	12	12	54	0.766
40	12	12	12	12	12	12	74	1.09
40	12	12	12	12	12	12	58	0.891
40	12	12	12	12	12	12	55	1.06
40	12	12	12	12	12	12	64	1.03
40	12	12	12	12	12	12	67	0.781
40	12	12	12	12	12	12	60	0.734
40	12	12	12	12	12	12	54	0.672
40	12	12	12	12	12	12	69	0.828
40	13	13	13	13	13	13	91	1.09
40	13	11	13	9	8	1	69	0.906
40	13	13	13	13	13	13	75	1
40	13	13	13	13	13	13	66	0.781
40	13	13	13	13	13	13	58	0.719
40	13	13	13	13	13	13	81	1.02
40	13	12	13	12	11	3	75	0.984
40	13	13	13	13	13	13	59	0.766
40	13	12	12	11	5	2	94	1.16
40	13	13	13	13	13	13	69	0.859
40	14	14	14	14	14	14	107	1.48
40	14	14	14	14	14	14	101	1.36
40	14	14	14	14	14	14	135	1.78
40	14	14	14	14	14	14	94	1.33
40	14	14	14	14	14	14	109	1.52
40	14	14	14	14	14	14	64	0.906
40	14	14	14	12	12	2	146	2.03
40	14	14	14	14	14	14	67	0.969
40	14	14	14	14	14	14	86	1.2
40	14	14	14	14	14	14	88	1.25
40	15	14	15	12	9	2	76	1.3
40	15	13	15	11	10	0	65	1.02
40	15	15	15	15	15	15	128	1.81
40	15	12	15	7	3	0	51	0.781
40	15	13	15	9	6	0	62	1.11
40	15	15	15	14	13	5	70	1.05
40	15	13	15	11	5	0	60	0.938
40	15	15	15	15	15	15	73	1.11
40	15	15	15	13	5	0	62	0.938
40	15	15	15	15	15	15	85	1.34
40	16	14	15	14	9	0	66	0.984
40	16	15	16	15	10	0	420	6.69
40	16	13	16	12	9	2	54	0.859
40	16	15	16	14	13	5	75	1.34
40	16	16	16	16	16	16	125	2.61
40	16	11	16	5	5	0	49	0.859
40	16	16	16	14	8	1	65	1.03
40	16	16	16	16	16	16	116	1.81
40	16	13	16	10	5	1	60	0.906
40	16	16	16	16	16	16	101	1.55
40	17	16	17	14	5	0	56	0.859
40	17	16	17	13	8	1	61	0.969
40	17	11	17	5	4	0	64	1.06
40	17	14	17	11	7	0	74	1.17
40	17	11	17	6	0	0	56	0.828
40	17	16	17	13	7	0	54	0.797
40	17	12	17	8	2	0	54	0.812
40	17	10	16	7	5	0	62	0.938
40	17	17	17	17	17	17	113	1.83
40	17	14	16	9	5	0	50	0.766
40	18	12	17	10	3	1	53	0.844
40	18	14	18	13	7	0	59	0.938
40	18	15	18	12	4	0	55	0.875
40	18	16	18	12	9	0	59	0.906
40	18	14	18	9	5	0	56	0.953
40	18	15	17	12	4	0	51	0.797
40	18	14	17	11	8	0	61	1.06
40	18	16	18	15	11	0	111	1.7
40	18	12	18	11	5	0	64	0.984
40	18	16	17	12	4	0	58	0.984
40	19	15	18	14	5	0	58	0.984
40	19	13	19	10	4	0	67	1.19
40	19	14	18	9	1	0	52	0.859
40	19	18	19	16	13	0	69	1.2
40	19	16	18	12	3	0	59	0.953
40	19	18	18	16	8	0	55	1.02
40	19	18	18	9	2	0	48	0.844
40	19	14	18	7	1	0	55	0.984
40	19	13	19	11	3	0	56	1.08
40	19	15	19	8	2	0	58	1.08
40	20	18	20	14	7	0	65	1.38
40	20	7	19	5	0	0	52	0.969
40	20	15	20	11	5	0	66	1.67
40	20	15	20	10	5	0	56	1.42
40	20	19	20	9	3	0	55	1.16
40	20	14	18	6	1	0	48	0.922
40	20	19	20	16	10	0	56	1.2
40	20	16	20	9	5	0	54	1.09
40	20	13	19	9	4	0	60	1.36
40	20	14	20	11	4	0	75	1.92
40	21	15	21	8	3	0	58	1.34
40	21	14	21	8	2	0	60	1.61
40	21	15	19	9	2	0	52	1.25
40	21	17	21	11	2	0	54	1.3
40	21	16	20	10	5	0	53	1.22
40	21	11	20	6	1	0	52	1.19
40	21	17	21	9	1	0	60	1.44
40	21	17	21	13	4	0	51	1.06
40	21	14	20	9	2	0	56	1.08
40	21	11	20	6	3	0	52	0.984
40	22	13	22	6	2	0	52	1.03
40	22	19	21	9	2	0	77	1.59
40	22	15	22	6	0	0	52	1.27
40	22	18	22	14	5	0	69	1.56
40	22	14	22	8	1	0	51	1.23
40	22	19	20	10	1	0	51	1.12
40	22	16	21	10	3	0	50	1.19
40	22	16	21	14	2	0	65	1.44
40	22	15	21	9	3	0	48	0.922
40	22	13	21	7	2	0	53	1.17
40	23	13	22	7	0	0	52	1.27
40	23	14	21	10	0	0	54	1.19
40	23	18	23	7	2	0	48	1.2
40	23	19	23	11	3	0	52	1.41
40	23	12	22	6	0	0	58	1.2
40	23	15	23	5	0	0	57	1.52
40	23	15	23	5	1	0	50	1
40	23	15	23	8	1	0	53	1.06
40	23	11	22	3	0	0	49	1
40	23	11	23	7	2	0	61	1.27
40	24	15	23	9	3	0	61	1.36
40	24	11	23	5	1	0	50	1.25
40	24	16	23	4	0	0	51	1.22
40	24	16	23	6	2	0	56	1.12
40	24	15	21	12	3	0	59	1.23
40	24	11	21	10	1	0	49	1.05
40	24	15	23	7	1	0	49	0.969
40	24	18	24	8	2	0	49	1.12
40	24	19	23	10	0	0	64	1.53
40	24	19	24	9	1	0	59	1.22
40	25	15	24	5	0	0	54	1.17
40	25	12	24	4	0	0	51	1.12
40	25	21	23	7	1	0	48	1.19
40	25	15	22	5	1	0	47	1.09
40	25	18	25	10	0	0	52	1.23
40	25	17	25	7	0	0	49	1.17
40	25	14	25	8	0	0	49	1.08
40	25	14	25	10	2	0	56	1.2
40	25	16	24	2	0	0	55	1.17
40	25	18	25	7	0	0	48	1.06
40	26	11	25	4	1	0	52	1.17
40	26	15	25	4	0	0	52	1.28
40	26	14	25	8	0	0	50	1.09
40	26	13	24	6	0	0	49	1.06
40	26	20	26	7	0	0	56	1.25
40	26	15	23	5	1	0	49	1.11
40	26	13	24	4	0	0	54	1.27
40	26	16	26	8	3	0	51	1.12
40	26	9	24	3	0	0	50	1.14
40	26	17	25	5	0	0	51	1.16
40	27	14	25	4	1	0	50	1.27
40	27	11	26	3	0	0	50	1.22
40	27	11	24	2	0	0	57	1.3
40	27	12	26	4	1	0	50	1.14
40	27	12	27	3	0	0	54	1.31
40	27	19	26	7	0	0	55	1.31
40	27	12	26	3	0	0	50	1.19
40	27	12	27	2	0	0	54	1.25
40	27	17	26	5	1	0	53	1.3
40	27	14	27	4	0	0	51	1.19
40	28	11	24	2	0	0	50	1.23
40	28	15	26	5	0	0	47	1.09
40	28	11	27	3	0	0	53	1.25
40	28	15	28	3	0	0	52	1.28
40	28	10	28	1	0	0	48	1.14
40	28	14	26	2	0	0	47	1.08
40	28	12	27	5	0	0	52	1.31
40	28	12	28	3	0	0	48	1.14
40	28	16	28	6	0	0	47	1.16
40	28	13	25	4	0	0	48	1.14
40	29	6	27	1	0	0	46	1.22
40	29	15	26	2	0	0	49	1.22
40	29	13	24	1	0	0	50	1.2
40	29	13	26	4	0	0	49	1.53
40	29	11	28	1	0	0	47	1.61
40	29	12	28	2	0	0	50	1.31
40	29	14	26	5	0	0	45	1.14
40	29	10	26	2	0	0	49	1.27
40	29	16	28	7	0	0	56	1.62
40	29	6	28	1	0	0	51	1.52
40	30	10	28	1	0	0	47	1.45
40	30	13	27	5	0	0	47	1.56
40	30	13	28	1	0	0	51	1.73
40	30	10	28	0	0	0	46	1.72
40	30	9	27	2	0	0	47	1.7
40	30	8	27	0	0	0	51	1.31
40	30	12	30	3	0	0	49	1.23
40	30	11	29	3	0	0	50	1.81
40	30	13	27	3	0	0	50	1.66
40	30	14	29	1	0	0	50	1.73
40	31	9	28	0	0	0	49	1.56
40	31	8	29	0	0	0	48	1.42
40	31	5	28	0	0	0	47	1.67
40	31	14	26	2	0	0	50	1.34
40	31	12	30	2	0	0	50	1.22
40	31	12	29	1	0	0	47	1.2
40	31	11	31	2	0	0	48	1.25
40	31	5	28	0	0	0	48	1.27
40	31	16	29	3	0	0	51	1.36
40	31	9	29	1	0	0	51	1.48
40	32	5	31	0	0	0	47	1.62
40	32	4	30	0	0	0	46	1.41
40	32	10	30	1	0	0	45	1.36
40	32	6	26	0	0	0	46	1.41
40	32	7	31	2	0	0	47	1.3
40	32	10	31	0	0	0	49	1.45
40	32	7	28	0	0	0	50	1.89
40	32	10	29	0	0	0	48	1.47
40	32	5	31	1	0	0	47	1.23
40	32	8	31	0	0	0	47	1.36
40	33	4	32	0	0	0	48	1.41
40	33	7	29	0	0	0	48	1.45
40	33	9	33	1	0	0	49	1.5
40	33	4	24	1	0	0	46	1.52
40	33	7	30	0	0	0	47	1.8
40	33	8	33	0	0	0	53	1.73
40	33	4	31	0	0	0	49	1.62
40	33	7	32	0	0	0	49	1.5
40	33	5	28	0	0	0	50	1.48
40	33	2	22	0	0	0	49	1.5
40	34	1	34	0	0	0	46	1.5
40	34	15	30	1	0	0	48	1.7
40	34	4	32	0	0	0	46	1.77
40	34	3	27	0	0	0	47	1.86
40	34	2	28	0	0	0	45	1.7
40	34	5	32	0	0	0	50	1.84
40	34	4	29	0	0	0	48	1.81
40	34	3	21	0	0	0	47	1.8
40	34	1	29	0	0	0	48	1.86
40	34	3	29	0	0	0	45	1.75
40	35	1	33	0	0	0	45	1.41
40	35	0	20	0	0	0	48	1.41
40	35	6	31	0	0	0	46	1.45
40	35	1	28	0	0	0	48	1.53
40	35	2	31	0	0	0	48	1.5
40	35	1	26	0	0	0	46	1.41
40	35	2	24	0	0	0	49	1.61
40	35	2	30	0	0	0	48	1.69
40	35	7	30	0	0	0	50	1.75
40	35	0	21	0	0	0	48	1.89
40	36	0	36	0	0	0	47	2.2
40	36	2	35	0	0	0	47	1.89
40	36	0	36	0	0	0	46	2.11
40	36	0	35	0	0	0	49	2.25
40	36	0	23	0	0	0	46	2.16
40	36	1	36	0	0	0	46	2.16
40	36	1	36	0	0	0	46	1.52
40	36	0	35	0	0	0	46	1.53
40	36	3	17	0	0	0	46	1.61
40	36	1	27	0	0	0	48	2.2
40	37	1	36	0	0	0	50	2.22
40	37	0	21	0	0	0	45	2.05
40	37	0	19	0	0	0	46	2.25
40	37	0	17	0	0	0	45	2.02
40	37	0	18	0	0	0	52	2.03
40	37	0	37	0	0	0	45	1.86
40	37	0	19	0	0	0	49	2.45
40	37	0	21	0	0	0	47	2.61
40	37	0	20	0	0	0	47	2.02
40	37	0	17	0	0	0	46	1.52
40	38	0	18	0	0	0	48	1.73
40	38	0	20	0	0	0	49	2.03
40	38	0	0	0	0	0	48	2.2
40	38	0	1	0	0	0	45	1.62
40	38	0	2	0	0	0	48	1.8
40	38	0	1	0	0	0	47	1.75
40	38	0	38	0	0	0	45	1.78
40	38	0	38	0	0	0	45	1.72
40	38	0	38	0	0	0	45	2.02
40	38	0	38	0	0	0	46	2.11
40	39	0	19	0	0	0	46	2.27
40	39	0	21	0	0	0	50	2.53
40	39	0	19	0	0	0	46	2.03
40	39	0	19	0	0	0	48	2.08
40	39	0	20	0	0	0	45	1.58
40	39	0	20	0	0	0	49	1.73
40	39	0	19	0	0	0	49	1.77
40	39	0	19	0	0	0	45	2.23
40	39	0	20	0	0	0	47	2.34
40	39	0	19	0	0	0	44	1.53


